9 10 11 12 13 14 15 16
12,19 23,75 18,47 76,88 8,48 24,78 3,07 10,22
8,41 28,00 14,87 69,88 10,43 22,55 6,26 10,06
14,68 33,01 21,51 74,55 18,97 30,85 7,46 13,34
8,64 16,78 9,07 59,75 6,37 23,88 6,48 11,92
32,94 18,16 16,02 72,21 9,86 27,78 1,64 8,81
22,61 20,05 11,12 66,85 1,29 12,71 5,41 8,10
45,92 3,18 23,45 69,91 13,23 25,25 6,18 12,51
23,63 16,11 6,45 68,05 8,50 25,70 16,93 11,16
18,59 21,66 14,21 72,59 11,68 34,44 2,71 8,77
36,22 20,16 8,18 42,83 10,17 23,18 6,94 4,87
50,10 24,71 14,50 67,04 14,18 29,81 8,35 10,57
46,22 15,63 3,86 56,63 2,79 22,26 11,59 10,37
23,63 16,27 10,14 61,10 26,63 22,97 5,98 6,88
47,30 18,99 9,99 44,88 15,69 16,37 10,77 9,13
40,03 21,12 14,47 52,90 20,32 22,82 14,71 10,31
56,53 8,34 0,65 46,03 17,28 14,19 14,66 7,13
38,41 14,96 8,97 46,72 22,87 16,40 11,77 3,52
51,47 17,17 2,47 46,48 23,80 7,23 27,10 0,14
6,29 20,24 12,58 31,63 28,81 13,05 9,69 6,35
35,41 8,31 3,12 21,72 28,59 4,63 22,31 5,30
67,79 12,36 6,81 21,40 35,68 3,19 19,73 1,46
74,21 14,59 0,43 11,40 35,72 4,55 25,88 1,09
79,12 21,72 4,65 10,06 39,44 0,94 29,00 2,40
45,10 28,69 5,91 0,42 40,04 11,07 32,18 1,92