1 2 3 4 5 6 7 8
1,65 23,46 0,54 30,42 20,89 12,60 3,54 15,48
2,59 14,86 2,16 30,56 20,11 18,92 7,81 9,29
6,18 20,14 5,39 29,90 16,41 17,08 12,83 8,26
6,26 21,59 3,48 21,67 18,95 15,51 6,73 5,45
6,44 18,98 4,54 26,31 21,43 8,97 6,29 10,49
7,16 21,77 7,99 28,13 16,54 14,52 15,88 14,47
10,56 20,27 7,95 24,06 11,55 12,77 12,27 9,46
10,93 16,86 7,01 20,55 14,39 12,96 7,84 8,79
9,53 16,23 9,89 24,35 20,66 5,55 10,71 12,96
10,64 18,55 12,35 18,12 15,31 11,09 14,60 15,37
17,43 14,87 12,91 18,69 9,34 9,23 17,48 11,82
14,72 11,98 14,42 14,88 11,39 5,03 12,97 11,34
15,50 14,41 14,13 11,66 11,34 2,15 11,34 20,84
15,01 13,42 18,67 19,83 10,07 8,95 23,82 16,58
17,83 10,44 16,95 14,10 5,95 8,04 19,97 12,47
18,43 8,26 15,84 10,16 4,59 5,68 11,51 7,05
17,69 8,86 19,23 10,08 8,74 0,14 18,07 15,08
19,80 9,53 22,05 5,82 9,96 5,85 22,11 16,97
22,64 6,88 22,59 8,46 3,03 4,21 23,12 13,51
22,86 4,10 21,15 5,50 3,17 2,56 15,52 13,45
21,56 7,61 23,98 3,60 4,45 0,08 20,03 16,55
22,16 4,92 26,45 8,44 4,06 3,87 24,36 18,47
25,82 1,79 29,80 3,04 0,16 1,10 27,02 21,73
26,50 0,10 27,41 0,00 1,52 0,85 21,31 14,04