17 18 19 20 21 22 23 24
11,54 0,54 6,86 11,43 10,41 4,89 15,45 5,93
0,80 4,33 3,91 7,60 7,70 3,10 11,94 3,88
12,76 3,73 6,66 12,15 10,39 5,19 11,93 5,08
11,18 5,18 6,38 10,39 10,73 1,02 18,66 5,98
8,90 2,50 8,35 11,44 12,31 6,25 12,69 7,77
8,49 3,72 6,16 10,94 9,58 5,06 10,01 6,67
11,38 4,78 7,68 13,54 11,53 5,96 8,81 6,55
10,93 5,72 7,12 11,87 11,55 6,27 10,86 6,27
9,40 3,69 8,61 13,35 13,98 6,56 11,49 8,23
9,30 4,80 5,87 11,72 10,07 6,43 10,78 6,61
12,43 6,35 7,76 13,58 11,44 6,45 10,38 7,40
11,03 6,89 7,07 10,56 11,00 6,26 13,07 7,48
10,88 6,38 8,37 11,04 11,16 7,00 10,81 8,08
11,33 5,93 8,69 8,96 9,49 4,51 12,73 7,00
13,86 9,17 6,83 11,38 10,41 5,93 12,11 6,16
14,98 9,31 6,17 9,26 9,15 6,53 15,74 5,73
12,66 4,07 6,98 9,38 8,48 6,98 17,71 7,23
12,98 9,47 3,84 8,04 5,41 8,96 15,31 3,86
18,09 12,28 4,75 10,98 6,44 5,78 11,15 5,63
17,49 13,32 4,05 7,95 6,15 5,87 18,12 5,66
14,97 9,87 4,88 7,67 3,17 6,21 20,81 5,71
14,42 12,73 0,51 4,69 0,47 3,33 19,90 2,62
21,29 16,73 2,60 7,16 1,80 5,21 19,15 3,89
20,66 17,05 0,90 4,17 1,26 4,63 22,43 3,44